0	1
0.02	0.999604
0.04	0.998817
0.06	0.997643
0.08	0.996084
0.1	0.994147
0.12	0.991835
0.14	0.989153
0.16	0.986105
0.18	0.982697
0.2	0.978933
0.22	0.974817
0.24	0.970356
0.26	0.965553
0.28	0.960416
0.3	0.954947
0.32	0.949154
0.34	0.943042
0.36	0.936616
0.38	0.929881
0.4	0.922844
0.42	0.915511
0.44	0.907886
0.46	0.899977
0.48	0.891789
0.5	0.883328
0.52	0.8746
0.54	0.865611
0.56	0.856369
0.58	0.846878
0.6	0.837145
0.62	0.827176
0.64	0.816979
0.66	0.806559
0.68	0.795922
0.7	0.785076
0.72	0.774026
0.74	0.76278
0.76	0.751343
0.78	0.739723
0.8	0.727925
0.82	0.715957
0.84	0.703825
0.86	0.691536
0.88	0.679096
0.9	0.666512
0.92	0.65379
0.94	0.640938
0.96	0.627961
0.98	0.614866
1	0.601661
1.02	0.58835
1.04	0.574942
1.06	0.561442
1.08	0.547857
1.1	0.534193
1.12	0.520458
1.14	0.506656
1.16	0.492795
1.18	0.478881
1.2	0.46492
1.22	0.450919
1.24	0.436884
1.26	0.42282
1.28	0.408735
1.3	0.394634
1.32	0.380522
1.34	0.366407
1.36	0.352294
1.38	0.338189
1.4	0.324098
1.42	0.310026
1.44	0.29598
1.46	0.281964
1.48	0.267984
1.5	0.254046
1.52	0.240156
1.54	0.226318
1.56	0.212538
1.58	0.198821
1.6	0.185172
1.62	0.171596
1.64	0.158099
1.66	0.144684
1.68	0.131358
1.7	0.118124
1.72	0.104987
1.74	0.091952
1.76	0.0790232
1.78	0.0662049
1.8	0.0535016
1.82	0.0409173
1.84	0.0284562
1.86	0.0161223
1.88	0.0039195
1.9	-0.00814832
1.92	-0.0200775
1.94	-0.0318643
1.96	-0.0435052
1.98	-0.0549968
2	-0.0663358
2.02	-0.0775188
2.04	-0.0885428
2.06	-0.0994046
2.08	-0.110101
2.1	-0.12063
2.12	-0.130988
2.14	-0.141173
2.16	-0.151182
2.18	-0.161012
2.2	-0.170661
2.22	-0.180128
2.24	-0.189409
2.26	-0.198503
2.28	-0.207408
2.3	-0.216122
2.32	-0.224643
2.34	-0.23297
2.36	-0.2411
2.38	-0.249033
2.4	-0.256768
2.42	-0.264302
2.44	-0.271634
2.46	-0.278765
2.48	-0.285692
2.5	-0.292415
2.52	-0.298933
2.54	-0.305246
2.56	-0.311352
2.58	-0.317252
2.6	-0.322944
2.62	-0.32843
2.64	-0.333707
2.66	-0.338777
2.68	-0.34364
2.7	-0.348294
2.72	-0.352742
2.74	-0.356982
2.76	-0.361015
2.78	-0.364842
2.8	-0.368464
2.82	-0.371879
2.84	-0.375091
2.86	-0.378098
2.88	-0.380903
2.9	-0.383505
2.92	-0.385906
2.94	-0.388108
2.96	-0.390111
2.98	-0.391916
3	-0.393525
3.02	-0.394939
3.04	-0.39616
3.06	-0.397189
3.08	-0.398028
3.1	-0.398679
3.12	-0.399143
3.14	-0.399422
3.16	-0.399518
3.18	-0.399432
3.2	-0.399168
3.22	-0.398727
3.24	-0.39811
3.26	-0.397321
3.28	-0.396362
3.3	-0.395234
3.32	-0.393941
3.34	-0.392484
3.36	-0.390866
3.38	-0.389089
3.4	-0.387157
3.42	-0.385071
3.44	-0.382834
3.46	-0.38045
3.48	-0.37792
3.5	-0.375247
3.52	-0.372435
3.54	-0.369486
3.56	-0.366402
3.58	-0.363188
3.6	-0.359845
3.62	-0.356377
3.64	-0.352786
3.66	-0.349077
3.68	-0.345251
3.7	-0.341312
3.72	-0.337262
3.74	-0.333106
3.76	-0.328846
3.78	-0.324485
3.8	-0.320027
3.82	-0.315474
3.84	-0.310831
3.86	-0.306099
3.88	-0.301282
3.9	-0.296384
3.92	-0.291407
3.94	-0.286356
3.96	-0.281232
3.98	-0.27604
4	-0.270783
4.02	-0.265463
4.04	-0.260085
4.06	-0.254651
4.08	-0.249164
4.1	-0.243628
4.12	-0.238046
4.14	-0.232422
4.16	-0.226757
4.18	-0.221057
4.2	-0.215323
4.22	-0.209559
4.24	-0.203767
4.26	-0.197953
4.28	-0.192117
4.3	-0.186264
4.32	-0.180396
4.34	-0.174516
4.36	-0.168628
4.38	-0.162735
4.4	-0.156839
4.42	-0.150943
4.44	-0.145051
4.46	-0.139165
4.48	-0.133288
4.5	-0.127423
4.52	-0.121572
4.54	-0.115739
4.56	-0.109926
4.58	-0.104136
4.6	-0.0983716
4.62	-0.0926352
4.64	-0.0869296
4.66	-0.0812572
4.68	-0.0756206
4.7	-0.0700222
4.72	-0.0644645
4.74	-0.0589499
4.76	-0.0534807
4.78	-0.0480591
4.8	-0.0426875
4.82	-0.0373681
4.84	-0.032103
4.86	-0.0268944
4.88	-0.0217443
4.9	-0.0166548
4.92	-0.0116278
4.94	-0.00666526
4.96	-0.00176908
4.98	0.00305891
5	0.00781693
5.02	0.0125032
5.04	0.0171161
5.06	0.021654
5.08	0.0261153
5.1	0.0304984
5.12	0.0348019
5.14	0.0390243
5.16	0.0431643
5.18	0.0472205
5.2	0.0511916
5.22	0.0550766
5.24	0.058874
5.26	0.062583
5.28	0.0662023
5.3	0.069731
5.32	0.0731682
5.34	0.0765128
5.36	0.0797642
5.38	0.0829214
5.4	0.0859837
5.42	0.0889505
5.44	0.0918211
5.46	0.0945949
5.48	0.0972714
5.5	0.0998501
5.52	0.102331
5.54	0.104712
5.56	0.106995
5.58	0.109179
5.6	0.111264
5.62	0.113248
5.64	0.115133
5.66	0.116919
5.68	0.118604
5.7	0.12019
5.72	0.121676
5.74	0.123063
5.76	0.12435
5.78	0.125538
5.8	0.126627
5.82	0.127618
5.84	0.12851
5.86	0.129305
5.88	0.130002
5.9	0.130603
5.92	0.131107
5.94	0.131516
5.96	0.131829
5.98	0.132049
6	0.132175
6.02	0.132207
6.04	0.132148
6.06	0.131998
6.08	0.131757
6.1	0.131427
6.12	0.131009
6.14	0.130503
6.16	0.129911
6.18	0.129233
6.2	0.128471
6.22	0.127626
6.24	0.126699
6.26	0.125692
6.28	0.124605
6.3	0.12344
6.32	0.122198
6.34	0.12088
6.36	0.119488
6.38	0.118024
6.4	0.116488
6.42	0.114882
6.44	0.113207
6.46	0.111466
6.48	0.109659
6.5	0.107789
6.52	0.105855
6.54	0.103861
6.56	0.101808
6.58	0.0996977
6.6	0.0975311
6.62	0.0953102
6.64	0.0930367
6.66	0.0907124
6.68	0.0883388
6.7	0.0859177
6.72	0.083451
6.74	0.0809402
6.76	0.0783871
6.78	0.0757936
6.8	0.0731614
6.82	0.0704923
6.84	0.067788
6.86	0.0650505
6.88	0.0622814
6.9	0.0594826
6.92	0.0566559
6.94	0.0538031
6.96	0.0509261
6.98	0.0480267
7	0.0451067
7.02	0.0421679
7.04	0.0392121
7.06	0.0362412
7.08	0.033257
7.1	0.0302613
7.12	0.0272559
7.14	0.0242426
7.16	0.0212233
7.18	0.0181996
7.2	0.0151735
7.22	0.0121466
7.24	0.00912083
7.26	0.00609782
7.28	0.00307937
7.3	6.72171e-05
7.32	-0.00293692
7.34	-0.00593133
7.36	-0.0089143
7.38	-0.0118842
7.4	-0.0148392
7.42	-0.0177779
7.44	-0.0206985
7.46	-0.0235993
7.48	-0.0264789
7.5	-0.0293356
7.52	-0.0321678
7.54	-0.034974
7.56	-0.0377528
7.58	-0.0405024
7.6	-0.0432216
7.62	-0.0459088
7.64	-0.0485626
7.66	-0.0511816
7.68	-0.0537643
7.7	-0.0563095
7.72	-0.0588157
7.74	-0.0612817
7.76	-0.0637061
7.78	-0.0660878
7.8	-0.0684253
7.82	-0.0707177
7.84	-0.0729635
7.86	-0.0751618
7.88	-0.0773113
7.9	-0.079411
7.92	-0.0814598
7.94	-0.0834567
7.96	-0.0854006
7.98	-0.0872905
8	-0.0891256
8.02	-0.0909048
8.04	-0.0926273
8.06	-0.0942923
8.08	-0.0958989
8.1	-0.0974463
8.12	-0.0989337
8.14	-0.10036
8.16	-0.101726
8.18	-0.103029
8.2	-0.10427
8.22	-0.105447
8.24	-0.106561
8.26	-0.10761
8.28	-0.108594
8.3	-0.109513
8.32	-0.110366
8.34	-0.111153
8.36	-0.111873
8.38	-0.112527
8.4	-0.113113
8.42	-0.113632
8.44	-0.114083
8.46	-0.114466
8.48	-0.114781
8.5	-0.115028
8.52	-0.115206
8.54	-0.115316
8.56	-0.115358
8.58	-0.115332
8.6	-0.115237
8.62	-0.115073
8.64	-0.114842
8.66	-0.114542
8.68	-0.114175
8.7	-0.113739
8.72	-0.113236
8.74	-0.112666
8.76	-0.112029
8.78	-0.111326
8.8	-0.110556
8.82	-0.10972
8.84	-0.108818
8.86	-0.107852
8.88	-0.106821
8.9	-0.105726
8.92	-0.104567
8.94	-0.103345
8.96	-0.102061
8.98	-0.100715
9	-0.0993082
9.02	-0.0978406
9.04	-0.0963132
9.06	-0.0947267
9.08	-0.093082
9.1	-0.0913796
9.12	-0.0896206
9.14	-0.0878056
9.16	-0.0859355
9.18	-0.0840113
9.2	-0.0820337
9.22	-0.0800037
9.24	-0.0779224
9.26	-0.0757905
9.28	-0.0736092
9.3	-0.0713793
9.32	-0.0691021
9.34	-0.0667784
9.36	-0.0644094
9.38	-0.0619961
9.4	-0.0595397
9.42	-0.0570413
9.44	-0.054502
9.46	-0.051923
9.48	-0.0493055
9.5	-0.0466506
9.52	-0.0439595
9.54	-0.0412335
9.56	-0.0384738
9.58	-0.0356817
9.6	-0.0328583
9.62	-0.0300051
9.64	-0.0271232
9.66	-0.024214
9.68	-0.0212788
9.7	-0.0183188
9.72	-0.0153355
9.74	-0.0123301
9.76	-0.00930405
9.78	-0.00625861
9.8	-0.00319518
9.82	-0.000115118
9.84	0.00298021
9.86	0.00608941
9.88	0.00921112
9.9	0.012344
9.92	0.0154865
9.94	0.0186374
9.96	0.0217953
9.98	0.0249586
10	0.0281262
10.02	0.0312965
10.04	0.0344681
10.06	0.0376398
10.08	0.0408099
10.1	0.0439773
10.12	0.0471404
10.14	0.050298
10.16	0.0534485
10.18	0.0565907
10.2	0.0597231
10.22	0.0628443
10.24	0.0659531
10.26	0.0690481
10.28	0.0721278
10.3	0.075191
10.32	0.0782363
10.34	0.0812624
10.36	0.084268
10.38	0.0872517
10.4	0.0902123
10.42	0.0931485
10.44	0.0960589
10.46	0.0989424
10.48	0.101798
10.5	0.104623
10.52	0.107418
10.54	0.110182
10.56	0.112912
10.58	0.115607
10.6	0.118267
10.62	0.120891
10.64	0.123477
10.66	0.126024
10.68	0.12853
10.7	0.130996
10.72	0.133419
10.74	0.1358
10.76	0.138136
10.78	0.140426
10.8	0.142671
10.82	0.144868
10.84	0.147016
10.86	0.149116
10.88	0.151165
10.9	0.153164
10.92	0.15511
10.94	0.157004
10.96	0.158844
10.98	0.16063
11	0.16236
11.02	0.164035
11.04	0.165653
11.06	0.167213
11.08	0.168715
11.1	0.170158
11.12	0.171542
11.14	0.172865
11.16	0.174128
11.18	0.17533
11.2	0.176469
11.22	0.177547
11.24	0.178561
11.26	0.179512
11.28	0.180398
11.3	0.181221
11.32	0.181979
11.34	0.182672
11.36	0.183299
11.38	0.18386
11.4	0.184356
11.42	0.184785
11.44	0.185147
11.46	0.185443
11.48	0.185671
11.5	0.185832
11.52	0.185926
11.54	0.185952
11.56	0.18591
11.58	0.185801
11.6	0.185624
11.62	0.185379
11.64	0.185066
11.66	0.184686
11.68	0.184238
11.7	0.183722
11.72	0.183139
11.74	0.182489
11.76	0.181771
11.78	0.180986
11.8	0.180134
11.82	0.179216
11.84	0.178231
11.86	0.177181
11.88	0.176064
11.9	0.174883
11.92	0.173636
11.94	0.172324
11.96	0.170948
11.98	0.169509
12	0.168006
12.02	0.16644
12.04	0.164812
12.06	0.163121
12.08	0.16137
12.1	0.159558
12.12	0.157685
12.14	0.155753
12.16	0.153762
12.18	0.151713
12.2	0.149606
12.22	0.147442
12.24	0.145222
12.26	0.142947
12.28	0.140617
12.3	0.138233
12.32	0.135796
12.34	0.133307
12.36	0.130766
12.38	0.128175
12.4	0.125534
12.42	0.122844
12.44	0.120106
12.46	0.117322
12.48	0.114491
12.5	0.111615
12.52	0.108695
12.54	0.105732
12.56	0.102727
12.58	0.0996804
12.6	0.0965941
12.62	0.0934687
12.64	0.0903054
12.66	0.0871052
12.68	0.0838693
12.7	0.0805986
12.72	0.0772944
12.74	0.0739577
12.76	0.0705898
12.78	0.0671916
12.8	0.0637645
12.82	0.0603095
12.84	0.0568278
12.86	0.0533206
12.88	0.0497892
12.9	0.0462347
12.92	0.0426583
12.94	0.0390612
12.96	0.0354447
12.98	0.0318099
13	0.0281582
13.02	0.0244908
13.04	0.0208088
13.06	0.0171137
13.08	0.0134065
13.1	0.00968859
13.12	0.00596122
13.14	0.00222564
13.16	-0.00151688
13.18	-0.00526507
13.2	-0.00901766
13.22	-0.0127734
13.24	-0.016531
13.26	-0.0202892
13.28	-0.0240467
13.3	-0.0278022
13.32	-0.0315546
13.34	-0.0353024
13.36	-0.0390446
13.38	-0.0427797
13.4	-0.0465065
13.42	-0.0502238
13.44	-0.0539304
13.46	-0.0576249
13.48	-0.0613062
13.5	-0.0649729
13.52	-0.0686239
13.54	-0.072258
13.56	-0.0758739
13.58	-0.0794704
13.6	-0.0830463
13.62	-0.0866005
13.64	-0.0901316
13.66	-0.0936386
13.68	-0.0971203
13.7	-0.100575
13.72	-0.104003
13.74	-0.107402
13.76	-0.11077
13.78	-0.114108
13.8	-0.117414
13.82	-0.120686
13.84	-0.123924
13.86	-0.127127
13.88	-0.130293
13.9	-0.133421
13.92	-0.136511
13.94	-0.139561
13.96	-0.142571
13.98	-0.145539
14	-0.148465
14.02	-0.151347
14.04	-0.154184
14.06	-0.156976
14.08	-0.159722
14.1	-0.16242
14.12	-0.16507
14.14	-0.167672
14.16	-0.170223
14.18	-0.172724
14.2	-0.175173
14.22	-0.177569
14.24	-0.179913
14.26	-0.182203
14.28	-0.184438
14.3	-0.186617
14.32	-0.188741
14.34	-0.190808
14.36	-0.192817
14.38	-0.194768
14.4	-0.196661
14.42	-0.198494
14.44	-0.200267
14.46	-0.20198
14.48	-0.203631
14.5	-0.205221
14.52	-0.206749
14.54	-0.208214
14.56	-0.209616
14.58	-0.210954
14.6	-0.212229
14.62	-0.213439
14.64	-0.214584
14.66	-0.215664
14.68	-0.216679
14.7	-0.217628
14.72	-0.21851
14.74	-0.219326
14.76	-0.220076
14.78	-0.220759
14.8	-0.221374
14.82	-0.221922
14.84	-0.222403
14.86	-0.222816
14.88	-0.223161
14.9	-0.223438
14.92	-0.223647
14.94	-0.223788
14.96	-0.223861
14.98	-0.223866
15	-0.223803
15.02	-0.223672
15.04	-0.223472
15.06	-0.223205
15.08	-0.22287
15.1	-0.222467
15.12	-0.221996
15.14	-0.221458
15.16	-0.220852
15.18	-0.22018
15.2	-0.21944
15.22	-0.218634
15.24	-0.217761
15.26	-0.216822
15.28	-0.215817
15.3	-0.214747
15.32	-0.213611
15.34	-0.212411
15.36	-0.211146
15.38	-0.209817
15.4	-0.208425
15.42	-0.206969
15.44	-0.20545
15.46	-0.203869
15.48	-0.202227
15.5	-0.200523
15.52	-0.198758
15.54	-0.196933
15.56	-0.195049
15.58	-0.193106
15.6	-0.191104
15.62	-0.189044
15.64	-0.186927
15.66	-0.184754
15.68	-0.182525
15.7	-0.180241
15.72	-0.177902
15.74	-0.17551
15.76	-0.173064
15.78	-0.170567
15.8	-0.168018
15.82	-0.165419
15.84	-0.162769
15.86	-0.160071
15.88	-0.157325
15.9	-0.154531
15.92	-0.15169
15.94	-0.148804
15.96	-0.145874
15.98	-0.142899
16	-0.139882
16.02	-0.136823
16.04	-0.133722
16.06	-0.130582
16.08	-0.127402
16.1	-0.124185
16.12	-0.12093
16.14	-0.117638
16.16	-0.114312
16.18	-0.110952
16.2	-0.107558
16.22	-0.104132
16.24	-0.100675
16.26	-0.0971882
16.28	-0.0936722
16.3	-0.0901284
16.32	-0.0865576
16.34	-0.0829611
16.36	-0.0793399
16.38	-0.075695
16.4	-0.0720277
16.42	-0.068339
16.44	-0.0646299
16.46	-0.0609017
16.48	-0.0571553
16.5	-0.0533921
16.52	-0.049613
16.54	-0.0458192
16.56	-0.0420118
16.58	-0.038192
16.6	-0.034361
16.62	-0.0305197
16.64	-0.0266695
16.66	-0.0228114
16.68	-0.0189466
16.7	-0.0150762
16.72	-0.0112013
16.74	-0.0073232
16.76	-0.00344294
16.78	0.000438316
16.8	0.00431942
16.82	0.00819923
16.84	0.0120766
16.86	0.0159504
16.88	0.0198195
16.9	0.0236827
16.92	0.027539
16.94	0.0313871
16.96	0.0352261
16.98	0.0390546
17	0.0428717
17.02	0.0466763
17.04	0.0504671
17.06	0.0542431
17.08	0.0580033
17.1	0.0617465
17.12	0.0654716
17.14	0.0691776
17.16	0.0728634
17.18	0.0765279
17.2	0.08017
17.22	0.0837888
17.24	0.0873832
17.26	0.0909521
17.28	0.0944946
17.3	0.0980095
17.32	0.101496
17.34	0.104953
17.36	0.108379
17.38	0.111775
17.4	0.115137
17.42	0.118466
17.44	0.121761
17.46	0.125021
17.48	0.128245
17.5	0.131431
17.52	0.134579
17.54	0.137689
17.56	0.140759
17.58	0.143788
17.6	0.146776
17.62	0.149721
17.64	0.152624
17.66	0.155482
17.68	0.158296
17.7	0.161064
17.72	0.163786
17.74	0.166461
17.76	0.169089
17.78	0.171667
17.8	0.174197
17.82	0.176677
17.84	0.179106
17.86	0.181484
17.88	0.18381
17.9	0.186083
17.92	0.188304
17.94	0.19047
17.96	0.192583
17.98	0.19464
18	0.196643
18.02	0.198589
18.04	0.200478
18.06	0.202311
18.08	0.204087
18.1	0.205804
18.12	0.207463
18.14	0.209063
18.16	0.210604
18.18	0.212085
18.2	0.213507
18.22	0.214868
18.24	0.216168
18.26	0.217407
18.28	0.218585
18.3	0.219702
18.32	0.220756
18.34	0.221748
18.36	0.222678
18.38	0.223545
18.4	0.22435
18.42	0.225091
18.44	0.225769
18.46	0.226384
18.48	0.226936
18.5	0.227424
18.52	0.227848
18.54	0.228209
18.56	0.228506
18.58	0.228739
18.6	0.228908
18.62	0.229013
18.64	0.229055
18.66	0.229033
18.68	0.228947
18.7	0.228798
18.72	0.228584
18.74	0.228308
18.76	0.227968
18.78	0.227565
18.8	0.227099
18.82	0.22657
18.84	0.225978
18.86	0.225324
18.88	0.224608
18.9	0.22383
18.92	0.22299
18.94	0.222088
18.96	0.221126
18.98	0.220103
19	0.219019
19.02	0.217875
19.04	0.216671
19.06	0.215408
19.08	0.214086
19.1	0.212706
19.12	0.211267
19.14	0.209771
19.16	0.208217
19.18	0.206607
19.2	0.20494
19.22	0.203217
19.24	0.20144
19.26	0.199607
19.28	0.197721
19.3	0.19578
19.32	0.193787
19.34	0.191742
19.36	0.189644
19.38	0.187495
19.4	0.185296
19.42	0.183047
19.44	0.180749
19.46	0.178402
19.48	0.176007
19.5	0.173565
19.52	0.171077
19.54	0.168542
19.56	0.165963
19.58	0.163339
19.6	0.160672
19.62	0.157962
19.64	0.155211
19.66	0.152418
19.68	0.149584
19.7	0.146711
19.72	0.1438
19.74	0.14085
19.76	0.137863
19.78	0.13484
19.8	0.131782
19.82	0.128689
19.84	0.125563
19.86	0.122404
19.88	0.119213
19.9	0.115991
19.92	0.112739
19.94	0.109458
19.96	0.106148
