-0.097141 
0.408385 0.576894 
-0.220968 -0.430753 -0.497929 
-0.188006 -0.177019 -0.160104 -0.154741 
-0.186575 -0.186097 -0.186703 -0.187125 -0.187252 
-0.186492 -0.186465 -0.186489 -0.186486 -0.186483 -0.186483 
-0.186487 -0.186486 -0.186487 -0.186487 -0.186487 -0.186487 -0.186487 
-0.186487 -0.186487 -0.186487 -0.186487 -0.186487 -0.186487 -0.186487 -0.186487 
-0.186487 -0.186487 -0.186487 -0.186487 -0.186487 -0.186487 -0.186487 -0.186487 -0.186487 

0.442087 
-0.262925 -0.497929 
-0.185809 -0.160104 -0.137582 
-0.186479 -0.186703 -0.188476 -0.189284 
-0.186487 -0.186489 -0.186475 -0.186443 -0.186432 
-0.186487 -0.186487 -0.186487 -0.186487 -0.186487 -0.186487 
-0.186487 -0.186487 -0.186487 -0.186487 -0.186487 -0.186487 -0.186487 
-0.186487 -0.186487 -0.186487 -0.186487 -0.186487 -0.186487 -0.186487 -0.186487 
-0.186487 -0.186487 -0.186487 -0.186487 -0.186487 -0.186487 -0.186487 -0.186487 -0.186487 
