-5	0.0384615
-4.99	0.0372512
-4.98	0.0360513
-4.97	0.0348618
-4.96	0.0336829
-4.95	0.0325149
-4.94	0.0313579
-4.93	0.0302121
-4.92	0.0290777
-4.91	0.0279548
-4.9	0.0268435
-4.89	0.0257441
-4.88	0.0246567
-4.87	0.0235814
-4.86	0.0225184
-4.85	0.0214679
-4.84	0.02043
-4.83	0.0194048
-4.82	0.0183925
-4.81	0.0173932
-4.8	0.0164071
-4.79	0.0154343
-4.78	0.014475
-4.77	0.0135291
-4.76	0.012597
-4.75	0.0116787
-4.74	0.0107743
-4.73	0.00988401
-4.72	0.00900787
-4.71	0.00814602
-4.7	0.00729858
-4.69	0.00646566
-4.68	0.00564737
-4.67	0.00484381
-4.66	0.00405508
-4.65	0.0032813
-4.64	0.00252257
-4.63	0.00177897
-4.62	0.00105061
-4.61	0.000337576
-4.6	-0.000360034
-4.59	-0.00104213
-4.58	-0.00170864
-4.57	-0.00235945
-4.56	-0.00299451
-4.55	-0.00361371
-4.54	-0.00421699
-4.53	-0.00480427
-4.52	-0.00537547
-4.51	-0.00593052
-4.5	-0.00646935
-4.49	-0.00699189
-4.48	-0.00749808
-4.47	-0.00798785
-4.46	-0.00846113
-4.45	-0.00891787
-4.44	-0.00935801
-4.43	-0.00978149
-4.42	-0.0101883
-4.41	-0.0105783
-4.4	-0.0109515
-4.39	-0.0113078
-4.38	-0.0116472
-4.37	-0.0119696
-4.36	-0.0122751
-4.35	-0.0125635
-4.34	-0.0128348
-4.33	-0.0130891
-4.32	-0.0133261
-4.31	-0.013546
-4.3	-0.0137486
-4.29	-0.013934
-4.28	-0.0141022
-4.27	-0.014253
-4.26	-0.0143864
-4.25	-0.0145026
-4.24	-0.0146013
-4.23	-0.0146827
-4.22	-0.0147466
-4.21	-0.0147931
-4.2	-0.0148221
-4.19	-0.0148337
-4.18	-0.0148279
-4.17	-0.0148045
-4.16	-0.0147636
-4.15	-0.0147053
-4.14	-0.0146295
-4.13	-0.0145361
-4.12	-0.0144252
-4.11	-0.0142969
-4.1	-0.014151
-4.09	-0.0139876
-4.08	-0.0138067
-4.07	-0.0136084
-4.06	-0.0133925
-4.05	-0.0131592
-4.04	-0.0129084
-4.03	-0.0126401
-4.02	-0.0123544
-4.01	-0.0120513
-4	-0.0117308
-3.99	-0.0113928
-3.98	-0.0110375
-3.97	-0.0106649
-3.96	-0.0102749
-3.95	-0.00986763
-3.94	-0.00944306
-3.93	-0.00900124
-3.92	-0.00854219
-3.91	-0.00806593
-3.9	-0.00757251
-3.89	-0.00706195
-3.88	-0.00653428
-3.87	-0.00598955
-3.86	-0.00542778
-3.85	-0.00484901
-3.84	-0.00425328
-3.83	-0.00364062
-3.82	-0.00301109
-3.81	-0.00236472
-3.8	-0.00170155
-3.79	-0.00102163
-3.78	-0.000325011
-3.77	0.000388273
-3.76	0.00111817
-3.75	0.00186462
-3.74	0.00262759
-3.73	0.00340702
-3.72	0.00420286
-3.71	0.00501505
-3.7	0.00584354
-3.69	0.00668828
-3.68	0.0075492
-3.67	0.00842625
-3.66	0.00931936
-3.65	0.0102285
-3.64	0.0111536
-3.63	0.0120945
-3.62	0.0130513
-3.61	0.0140238
-3.6	0.0150121
-3.59	0.0160159
-3.58	0.0170353
-3.57	0.0180702
-3.56	0.0191205
-3.55	0.0201862
-3.54	0.0212671
-3.53	0.0223633
-3.52	0.0234745
-3.51	0.0246009
-3.5	0.0257422
-3.49	0.0268984
-3.48	0.0280694
-3.47	0.0292552
-3.46	0.0304557
-3.45	0.0316707
-3.44	0.0329003
-3.43	0.0341443
-3.42	0.0354026
-3.41	0.0366752
-3.4	0.037962
-3.39	0.0392628
-3.38	0.0405777
-3.37	0.0419065
-3.36	0.0432491
-3.35	0.0446055
-3.34	0.0459755
-3.33	0.0473591
-3.32	0.0487562
-3.31	0.0501667
-3.3	0.0515904
-3.29	0.0530274
-3.28	0.0544774
-3.27	0.0559405
-3.26	0.0574165
-3.25	0.0589053
-3.24	0.0604068
-3.23	0.061921
-3.22	0.0634477
-3.21	0.0649868
-3.2	0.0665382
-3.19	0.0681019
-3.18	0.0696778
-3.17	0.0712656
-3.16	0.0728654
-3.15	0.0744771
-3.14	0.0761004
-3.13	0.0777354
-3.12	0.0793819
-3.11	0.0810398
-3.1	0.082709
-3.09	0.0843895
-3.08	0.086081
-3.07	0.0877835
-3.06	0.0894969
-3.05	0.0912211
-3.04	0.092956
-3.03	0.0947014
-3.02	0.0964573
-3.01	0.0982235
-3	0.1
-2.99	0.101787
-2.98	0.103583
-2.97	0.10539
-2.96	0.107206
-2.95	0.109032
-2.94	0.110867
-2.93	0.112712
-2.92	0.114567
-2.91	0.11643
-2.9	0.118303
-2.89	0.120185
-2.88	0.122075
-2.87	0.123974
-2.86	0.125882
-2.85	0.127799
-2.84	0.129724
-2.83	0.131657
-2.82	0.133598
-2.81	0.135547
-2.8	0.137505
-2.79	0.13947
-2.78	0.141443
-2.77	0.143423
-2.76	0.145411
-2.75	0.147407
-2.74	0.149409
-2.73	0.151419
-2.72	0.153435
-2.71	0.155459
-2.7	0.157489
-2.69	0.159526
-2.68	0.161569
-2.67	0.163619
-2.66	0.165675
-2.65	0.167737
-2.64	0.169806
-2.63	0.17188
-2.62	0.17396
-2.61	0.176045
-2.6	0.178136
-2.59	0.180233
-2.58	0.182334
-2.57	0.184441
-2.56	0.186553
-2.55	0.18867
-2.54	0.190792
-2.53	0.192918
-2.52	0.195049
-2.51	0.197184
-2.5	0.199324
-2.49	0.201468
-2.48	0.203616
-2.47	0.205767
-2.46	0.207923
-2.45	0.210082
-2.44	0.212245
-2.43	0.214411
-2.42	0.216581
-2.41	0.218753
-2.4	0.220929
-2.39	0.223108
-2.38	0.225289
-2.37	0.227473
-2.36	0.22966
-2.35	0.231849
-2.34	0.234041
-2.33	0.236234
-2.32	0.23843
-2.31	0.240628
-2.3	0.242827
-2.29	0.245028
-2.28	0.247231
-2.27	0.249435
-2.26	0.25164
-2.25	0.253847
-2.24	0.256055
-2.23	0.258263
-2.22	0.260473
-2.21	0.262683
-2.2	0.264894
-2.19	0.267105
-2.18	0.269316
-2.17	0.271528
-2.16	0.27374
-2.15	0.275952
-2.14	0.278163
-2.13	0.280374
-2.12	0.282585
-2.11	0.284795
-2.1	0.287005
-2.09	0.289214
-2.08	0.291422
-2.07	0.293629
-2.06	0.295835
-2.05	0.298039
-2.04	0.300242
-2.03	0.302444
-2.02	0.304644
-2.01	0.306842
-2	0.309038
-1.99	0.311233
-1.98	0.313425
-1.97	0.315615
-1.96	0.317803
-1.95	0.319988
-1.94	0.322171
-1.93	0.324351
-1.92	0.326528
-1.91	0.328702
-1.9	0.330873
-1.89	0.333041
-1.88	0.335205
-1.87	0.337366
-1.86	0.339524
-1.85	0.341678
-1.84	0.343828
-1.83	0.345975
-1.82	0.348117
-1.81	0.350255
-1.8	0.352389
-1.79	0.354519
-1.78	0.356644
-1.77	0.358765
-1.76	0.360881
-1.75	0.362992
-1.74	0.365098
-1.73	0.3672
-1.72	0.369296
-1.71	0.371387
-1.7	0.373472
-1.69	0.375552
-1.68	0.377627
-1.67	0.379696
-1.66	0.381759
-1.65	0.383816
-1.64	0.385867
-1.63	0.387912
-1.62	0.389951
-1.61	0.391983
-1.6	0.394009
-1.59	0.396029
-1.58	0.398041
-1.57	0.400047
-1.56	0.402047
-1.55	0.404039
-1.54	0.406024
-1.53	0.408002
-1.52	0.409972
-1.51	0.411935
-1.5	0.413891
-1.49	0.415839
-1.48	0.41778
-1.47	0.419712
-1.46	0.421637
-1.45	0.423554
-1.44	0.425463
-1.43	0.427363
-1.42	0.429255
-1.41	0.431139
-1.4	0.433014
-1.39	0.434881
-1.38	0.436739
-1.37	0.438588
-1.36	0.440428
-1.35	0.44226
-1.34	0.444082
-1.33	0.445895
-1.32	0.447699
-1.31	0.449493
-1.3	0.451278
-1.29	0.453054
-1.28	0.454819
-1.27	0.456576
-1.26	0.458322
-1.25	0.460058
-1.24	0.461785
-1.23	0.463501
-1.22	0.465207
-1.21	0.466903
-1.2	0.468589
-1.19	0.470264
-1.18	0.471929
-1.17	0.473583
-1.16	0.475226
-1.15	0.476859
-1.14	0.47848
-1.13	0.480091
-1.12	0.481691
-1.11	0.48328
-1.1	0.484857
-1.09	0.486423
-1.08	0.487978
-1.07	0.489522
-1.06	0.491054
-1.05	0.492574
-1.04	0.494083
-1.03	0.49558
-1.02	0.497065
-1.01	0.498539
-1	0.5
-0.99	0.501449
-0.98	0.502887
-0.97	0.504312
-0.96	0.505725
-0.95	0.507125
-0.94	0.508513
-0.93	0.509889
-0.92	0.511252
-0.91	0.512602
-0.9	0.51394
-0.89	0.515265
-0.88	0.516578
-0.87	0.517877
-0.86	0.519164
-0.85	0.520437
-0.84	0.521698
-0.83	0.522945
-0.82	0.524179
-0.81	0.5254
-0.8	0.526607
-0.79	0.527802
-0.78	0.528982
-0.77	0.53015
-0.76	0.531303
-0.75	0.532443
-0.74	0.53357
-0.73	0.534683
-0.72	0.535781
-0.71	0.536867
-0.7	0.537938
-0.69	0.538995
-0.68	0.540038
-0.67	0.541067
-0.66	0.542083
-0.65	0.543083
-0.64	0.54407
-0.63	0.545043
-0.62	0.546001
-0.61	0.546945
-0.6	0.547874
-0.59	0.548789
-0.58	0.54969
-0.57	0.550576
-0.56	0.551447
-0.55	0.552304
-0.54	0.553146
-0.53	0.553974
-0.52	0.554786
-0.51	0.555584
-0.5	0.556367
-0.49	0.557135
-0.48	0.557889
-0.47	0.558627
-0.46	0.55935
-0.45	0.560059
-0.44	0.560752
-0.43	0.56143
-0.42	0.562094
-0.41	0.562742
-0.4	0.563374
-0.39	0.563992
-0.38	0.564594
-0.37	0.565181
-0.36	0.565753
-0.35	0.566309
-0.34	0.566851
-0.33	0.567376
-0.32	0.567886
-0.31	0.568381
-0.3	0.568861
-0.29	0.569325
-0.28	0.569773
-0.27	0.570206
-0.26	0.570623
-0.25	0.571025
-0.24	0.571411
-0.23	0.571781
-0.22	0.572136
-0.21	0.572476
-0.2	0.572799
-0.19	0.573107
-0.18	0.573399
-0.17	0.573676
-0.16	0.573936
-0.15	0.574181
-0.14	0.574411
-0.13	0.574624
-0.12	0.574822
-0.11	0.575004
-0.1	0.57517
-0.09	0.57532
-0.08	0.575455
-0.07	0.575574
-0.06	0.575676
-0.05	0.575764
-0.04	0.575835
-0.03	0.57589
-0.02	0.57593
-0.01	0.575954
-6.23078e-14	0.575962
0.01	0.575954
0.02	0.57593
0.03	0.57589
0.04	0.575835
0.05	0.575764
0.06	0.575676
0.07	0.575574
0.08	0.575455
0.09	0.57532
0.1	0.57517
0.11	0.575004
0.12	0.574822
0.13	0.574624
0.14	0.574411
0.15	0.574181
0.16	0.573936
0.17	0.573676
0.18	0.573399
0.19	0.573107
0.2	0.572799
0.21	0.572476
0.22	0.572136
0.23	0.571781
0.24	0.571411
0.25	0.571025
0.26	0.570623
0.27	0.570206
0.28	0.569773
0.29	0.569325
0.3	0.568861
0.31	0.568381
0.32	0.567886
0.33	0.567376
0.34	0.566851
0.35	0.566309
0.36	0.565753
0.37	0.565181
0.38	0.564594
0.39	0.563992
0.4	0.563374
0.41	0.562742
0.42	0.562094
0.43	0.56143
0.44	0.560752
0.45	0.560059
0.46	0.55935
0.47	0.558627
0.48	0.557889
0.49	0.557135
0.5	0.556367
0.51	0.555584
0.52	0.554786
0.53	0.553974
0.54	0.553146
0.55	0.552304
0.56	0.551447
0.57	0.550576
0.58	0.54969
0.59	0.548789
0.6	0.547874
0.61	0.546945
0.62	0.546001
0.63	0.545043
0.64	0.54407
0.65	0.543083
0.66	0.542083
0.67	0.541067
0.68	0.540038
0.69	0.538995
0.7	0.537938
0.71	0.536867
0.72	0.535781
0.73	0.534683
0.74	0.53357
0.75	0.532443
0.76	0.531303
0.77	0.53015
0.78	0.528982
0.79	0.527802
0.8	0.526607
0.81	0.5254
0.82	0.524179
0.83	0.522945
0.84	0.521698
0.85	0.520437
0.86	0.519164
0.87	0.517877
0.88	0.516578
0.89	0.515265
0.9	0.51394
0.91	0.512602
0.92	0.511252
0.93	0.509889
0.94	0.508513
0.95	0.507125
0.96	0.505725
0.97	0.504312
0.98	0.502887
0.99	0.501449
1	0.5
1.01	0.498539
1.02	0.497065
1.03	0.49558
1.04	0.494083
1.05	0.492574
1.06	0.491054
1.07	0.489522
1.08	0.487978
1.09	0.486423
1.1	0.484857
1.11	0.48328
1.12	0.481691
1.13	0.480091
1.14	0.47848
1.15	0.476859
1.16	0.475226
1.17	0.473583
1.18	0.471929
1.19	0.470264
1.2	0.468589
1.21	0.466903
1.22	0.465207
1.23	0.463501
1.24	0.461785
1.25	0.460058
1.26	0.458322
1.27	0.456576
1.28	0.454819
1.29	0.453054
1.3	0.451278
1.31	0.449493
1.32	0.447699
1.33	0.445895
1.34	0.444082
1.35	0.44226
1.36	0.440428
1.37	0.438588
1.38	0.436739
1.39	0.434881
1.4	0.433014
1.41	0.431139
1.42	0.429255
1.43	0.427363
1.44	0.425463
1.45	0.423554
1.46	0.421637
1.47	0.419712
1.48	0.41778
1.49	0.415839
1.5	0.413891
1.51	0.411935
1.52	0.409972
1.53	0.408002
1.54	0.406024
1.55	0.404039
1.56	0.402047
1.57	0.400047
1.58	0.398041
1.59	0.396029
1.6	0.394009
1.61	0.391983
1.62	0.389951
1.63	0.387912
1.64	0.385867
1.65	0.383816
1.66	0.381759
1.67	0.379696
1.68	0.377627
1.69	0.375552
1.7	0.373472
1.71	0.371387
1.72	0.369296
1.73	0.3672
1.74	0.365098
1.75	0.362992
1.76	0.360881
1.77	0.358765
1.78	0.356644
1.79	0.354519
1.8	0.352389
1.81	0.350255
1.82	0.348117
1.83	0.345975
1.84	0.343828
1.85	0.341678
1.86	0.339524
1.87	0.337366
1.88	0.335205
1.89	0.333041
1.9	0.330873
1.91	0.328702
1.92	0.326528
1.93	0.324351
1.94	0.322171
1.95	0.319988
1.96	0.317803
1.97	0.315615
1.98	0.313425
1.99	0.311233
2	0.309038
2.01	0.306842
2.02	0.304644
2.03	0.302444
2.04	0.300242
2.05	0.298039
2.06	0.295835
2.07	0.293629
2.08	0.291422
2.09	0.289214
2.1	0.287005
2.11	0.284795
2.12	0.282585
2.13	0.280374
2.14	0.278163
2.15	0.275952
2.16	0.27374
2.17	0.271528
2.18	0.269316
2.19	0.267105
2.2	0.264894
2.21	0.262683
2.22	0.260473
2.23	0.258263
2.24	0.256055
2.25	0.253847
2.26	0.25164
2.27	0.249435
2.28	0.247231
2.29	0.245028
2.3	0.242827
2.31	0.240628
2.32	0.23843
2.33	0.236234
2.34	0.234041
2.35	0.231849
2.36	0.22966
2.37	0.227473
2.38	0.225289
2.39	0.223108
2.4	0.220929
2.41	0.218753
2.42	0.216581
2.43	0.214411
2.44	0.212245
2.45	0.210082
2.46	0.207923
2.47	0.205767
2.48	0.203616
2.49	0.201468
2.5	0.199324
2.51	0.197184
2.52	0.195049
2.53	0.192918
2.54	0.190792
2.55	0.18867
2.56	0.186553
2.57	0.184441
2.58	0.182334
2.59	0.180233
2.6	0.178136
2.61	0.176045
2.62	0.17396
2.63	0.17188
2.64	0.169806
2.65	0.167737
2.66	0.165675
2.67	0.163619
2.68	0.161569
2.69	0.159526
2.7	0.157489
2.71	0.155459
2.72	0.153435
2.73	0.151419
2.74	0.149409
2.75	0.147407
2.76	0.145411
2.77	0.143423
2.78	0.141443
2.79	0.13947
2.8	0.137505
2.81	0.135547
2.82	0.133598
2.83	0.131657
2.84	0.129724
2.85	0.127799
2.86	0.125882
2.87	0.123974
2.88	0.122075
2.89	0.120185
2.9	0.118303
2.91	0.11643
2.92	0.114567
2.93	0.112712
2.94	0.110867
2.95	0.109032
2.96	0.107206
2.97	0.10539
2.98	0.103583
2.99	0.101787
3	0.1
3.01	0.0982235
3.02	0.0964573
3.03	0.0947014
3.04	0.092956
3.05	0.0912211
3.06	0.0894969
3.07	0.0877835
3.08	0.086081
3.09	0.0843895
3.1	0.082709
3.11	0.0810398
3.12	0.0793819
3.13	0.0777354
3.14	0.0761004
3.15	0.0744771
3.16	0.0728654
3.17	0.0712656
3.18	0.0696778
3.19	0.0681019
3.2	0.0665382
3.21	0.0649868
3.22	0.0634477
3.23	0.061921
3.24	0.0604068
3.25	0.0589053
3.26	0.0574165
3.27	0.0559405
3.28	0.0544774
3.29	0.0530274
3.3	0.0515904
3.31	0.0501667
3.32	0.0487562
3.33	0.0473591
3.34	0.0459755
3.35	0.0446055
3.36	0.0432491
3.37	0.0419065
3.38	0.0405777
3.39	0.0392628
3.4	0.037962
3.41	0.0366752
3.42	0.0354026
3.43	0.0341443
3.44	0.0329003
3.45	0.0316707
3.46	0.0304557
3.47	0.0292552
3.48	0.0280694
3.49	0.0268984
3.5	0.0257422
3.51	0.0246009
3.52	0.0234745
3.53	0.0223633
3.54	0.0212671
3.55	0.0201862
3.56	0.0191205
3.57	0.0180702
3.58	0.0170353
3.59	0.0160159
3.6	0.0150121
3.61	0.0140238
3.62	0.0130513
3.63	0.0120945
3.64	0.0111536
3.65	0.0102285
3.66	0.00931936
3.67	0.00842625
3.68	0.0075492
3.69	0.00668828
3.7	0.00584354
3.71	0.00501505
3.72	0.00420286
3.73	0.00340702
3.74	0.00262759
3.75	0.00186462
3.76	0.00111817
3.77	0.000388273
3.78	-0.000325011
3.79	-0.00102163
3.8	-0.00170155
3.81	-0.00236472
3.82	-0.00301109
3.83	-0.00364062
3.84	-0.00425328
3.85	-0.00484901
3.86	-0.00542778
3.87	-0.00598955
3.88	-0.00653428
3.89	-0.00706195
3.9	-0.00757251
3.91	-0.00806593
3.92	-0.00854219
3.93	-0.00900124
3.94	-0.00944306
3.95	-0.00986763
3.96	-0.0102749
3.97	-0.0106649
3.98	-0.0110375
3.99	-0.0113928
4	-0.0117308
4.01	-0.0120513
4.02	-0.0123544
4.03	-0.0126401
4.04	-0.0129084
4.05	-0.0131592
4.06	-0.0133925
4.07	-0.0136084
4.08	-0.0138067
4.09	-0.0139876
4.1	-0.014151
4.11	-0.0142969
4.12	-0.0144252
4.13	-0.0145361
4.14	-0.0146295
4.15	-0.0147053
4.16	-0.0147636
4.17	-0.0148045
4.18	-0.0148279
4.19	-0.0148337
4.2	-0.0148221
4.21	-0.0147931
4.22	-0.0147466
4.23	-0.0146827
4.24	-0.0146013
4.25	-0.0145026
4.26	-0.0143864
4.27	-0.014253
4.28	-0.0141022
4.29	-0.013934
4.3	-0.0137486
4.31	-0.013546
4.32	-0.0133261
4.33	-0.0130891
4.34	-0.0128348
4.35	-0.0125635
4.36	-0.0122751
4.37	-0.0119696
4.38	-0.0116472
4.39	-0.0113078
4.4	-0.0109515
4.41	-0.0105783
4.42	-0.0101883
4.43	-0.00978149
4.44	-0.00935801
4.45	-0.00891787
4.46	-0.00846113
4.47	-0.00798785
4.48	-0.00749808
4.49	-0.00699189
4.5	-0.00646935
4.51	-0.00593052
4.52	-0.00537547
4.53	-0.00480427
4.54	-0.00421699
4.55	-0.00361371
4.56	-0.00299451
4.57	-0.00235945
4.58	-0.00170864
4.59	-0.00104213
4.6	-0.000360034
4.61	0.000337576
4.62	0.00105061
4.63	0.00177897
4.64	0.00252257
4.65	0.0032813
4.66	0.00405508
4.67	0.00484381
4.68	0.00564737
4.69	0.00646566
4.7	0.00729858
4.71	0.00814602
4.72	0.00900787
4.73	0.00988401
4.74	0.0107743
4.75	0.0116787
4.76	0.012597
4.77	0.0135291
4.78	0.014475
4.79	0.0154343
4.8	0.0164071
4.81	0.0173932
4.82	0.0183925
4.83	0.0194048
4.84	0.02043
4.85	0.0214679
4.86	0.0225184
4.87	0.0235814
4.88	0.0246567
4.89	0.0257441
4.9	0.0268435
4.91	0.0279548
4.92	0.0290777
4.93	0.0302121
4.94	0.0313579
4.95	0.0325149
4.96	0.0336829
4.97	0.0348618
4.98	0.0360513
4.99	0.0372512
5	0.0384615
